0, 1, 624, d,;
0, 1, 634, j,;
0, 2, 791, s,;
0, 2, 802, k,;
0, 4, 177, a,;
0, 4, 481, l,;
0, 4, 762, s,;
0, 5, 90, k,;
0, 6, 802, a,;
0, 6, 802, l,;
0, 8, 61, j,;
0, 8, 66, d,;
0, 9, 454, s,;
0, 9, 463, k,;
0, 9, 727, a,;
0, 9, 737, l,;
0, 9, 978, s,;
0, 10, 5, k,;
0, 10, 290, j,;
0, 10, 297, d,;
0, 11, 296, l,;
0, 11, 299, a,;
0, 12, 72, l,;
0, 12, 166, a,;
0, 12, 330, k,;
0, 12, 443, s,;
0, 12, 556, j,;
0, 12, 686, d,;
0, 12, 791, k,;
0, 12, 904, s,;
0, 13, 97, j,;
0, 13, 292, a,;
0, 13, 313, k,;
0, 13, 499, k,;
0, 13, 824, j,;
0, 14, 158, s,;
0, 14, 293, l,;
0, 14, 605, d,;
0, 15, 103, j,;
0, 15, 221, s,;
0, 15, 337, k,;
0, 15, 449, d,;
0, 15, 566, l,;
0, 15, 691, a,;
0, 15, 842, k,;
0, 16, 26, s,;
0, 16, 139, j,;
0, 16, 310, d,;
0, 16, 476, k,;
0, 17, 147, l,;
0, 17, 667, s,;
0, 17, 828, k,;
0, 17, 935, s,;
0, 18, 73, k,;
0, 18, 305, s,;
0, 18, 557, l,;
0, 18, 744, a,;
0, 19, 30, l,;
0, 19, 416, s,;
0, 19, 553, k,;
0, 19, 829, a,;
0, 20, 341, l,;
0, 20, 473, s,;
0, 20, 602, k,;
0, 20, 731, d,;
0, 20, 863, j,;
0, 20, 999, d,;
0, 21, 117, j,;
0, 21, 233, d,;
0, 21, 382, k,;
0, 21, 499, s,;
0, 21, 658, l,;
0, 21, 953, a,;
0, 22, 391, a,;
0, 22, 418, l,;
0, 23, 686, k,;
0, 23, 688, s,;
0, 24, 982, d,;
0, 25, 2, j,;
0, 25, 242, s,;
0, 25, 273, k,;
0, 25, 528, l,;
0, 25, 543, a,;
0, 25, 813, s,;
0, 25, 863, k,;
0, 26, 917, j,;
0, 26, 917, d,;
0, 27, 727, s,;
0, 27, 740, k,;
0, 28, 903, l,;
0, 28, 907, a,;
0, 30, 212, a,;
0, 30, 218, j,;
0, 30, 484, s,;
0, 30, 498, k,;
0, 30, 778, l,;
0, 30, 796, d,;
0, 31, 64, s,;
0, 31, 110, k,;
0, 31, 359, j,;
0, 31, 371, a,;
0, 31, 992, a,;
0, 32, 14, l,;
0, 32, 854, d,;
0, 32, 879, l,;
0, 33, 458, s,;
0, 33, 471, k,;
0, 33, 616, j,;
0, 33, 685, d,;
0, 33, 807, k,;
0, 34, 176, d,;
0, 34, 184, j,;
0, 34, 349, k,;
0, 34, 379, s,;
0, 34, 669, a,;
0, 34, 670, l,;
0, 35, 473, l,;
0, 35, 495, d,;
0, 36, 37, s,;
0, 36, 591, k,;
0, 36, 706, d,;
0, 36, 843, l,;
0, 37, 12, d,;
0, 37, 328, k,;
0, 38, 97, d,;
0, 38, 115, l,;
0, 38, 764, s,;
0, 38, 789, k,;
0, 39, 351, a,;
0, 39, 386, j,;
0, 39, 917, s,;
0, 39, 938, k,;
0, 40, 709, a,;
0, 41, 210, j,;
0, 41, 314, s,;
0, 41, 461, j,;
0, 41, 574, s,;
0, 41, 725, k,;
0, 41, 796, d,;
0, 41, 944, l,;
0, 42, 44, a,;
0, 42, 428, l,;
0, 42, 720, l,;
0, 43, 44, l,;
0, 43, 321, k,;
0, 43, 642, j,;
0, 43, 951, k,;
0, 44, 229, l,;
0, 44, 560, k,;
0, 44, 855, j,;
0, 45, 196, k,;
0, 46, 183, d,;
0, 46, 456, s,;
0, 46, 792, a,;
0, 47, 92, s,;
0, 47, 435, a,;
0, 47, 769, s,;
0, 48, 779, d,;
0, 49, 45, a,;
0, 49, 347, d,;
0, 49, 687, l,;
0, 50, 29, j,;
0, 50, 369, l,;
0, 51, 23, a,;
0, 51, 54, j,;
0, 51, 325, s,;
0, 51, 329, k,;
0, 51, 613, l,;
0, 51, 655, d,;
0, 51, 933, a,;
0, 52, 13, k,;
0, 52, 305, s,;
0, 52, 338, j,;
0, 52, 916, a,;
0, 52, 946, l,;
0, 53, 379, s,;
0, 53, 401, k,;
0, 54, 100, a,;
0, 54, 390, s,;
0, 54, 688, d,;
0, 55, 42, j,;
0, 55, 359, k,;
0, 55, 662, l,;
0, 56, 654, l,;
0, 56, 961, k,;
0, 57, 225, l,;
0, 57, 604, d,;
0, 57, 618, l,;
0, 57, 884, k,;
0, 57, 890, s,;
0, 58, 159, a,;
0, 58, 174, j,;
0, 59, 402, a,;
0, 59, 638, s,;
0, 59, 894, l,;
1, 0, 221, j,;
1, 0, 497, k,;
1, 0, 802, j,;
1, 1, 530, l,;
1, 1, 789, a,;
1, 2, 137, s,;
1, 2, 468, k,;
1, 2, 777, d,;
1, 3, 352, j,;
1, 3, 889, k,;
1, 4, 254, l,;
1, 4, 262, a,;
1, 4, 774, s,;
1, 4, 958, s,;
1, 5, 101, d,;
1, 5, 315, s,;
1, 5, 536, d,;
1, 5, 693, s,;
1, 6, 11, a,;
1, 6, 364, s,;
1, 6, 476, d,;
1, 6, 741, a,;
1, 7, 269, j,;
1, 7, 422, k,;
1, 7, 588, l,;
1, 7, 745, k,;
1, 7, 948, k,;
1, 7, 971, j,;
1, 8, 156, k,;
1, 8, 272, l,;
1, 8, 601, l,;
1, 9, 395, k,;
1, 9, 982, j,;
1, 10, 665, l,;
1, 11, 257, j,;
1, 11, 946, a,;
1, 12, 601, s,;
1, 12, 847, d,;
1, 13, 209, j,;
1, 13, 784, k,;
1, 14, 317, l,;
1, 14, 634, l,;
1, 14, 939, l,;
1, 15, 297, k,;
1, 15, 532, k,;
1, 15, 846, l,;
1, 16, 102, l,;
1, 16, 387, k,;
1, 16, 668, k,;
1, 17, 40, k,;
1, 17, 376, k,;
1, 17, 608, d,;
1, 17, 908, d,;
1, 18, 213, d,;
1, 18, 518, s,;
1, 18, 820, s,;
1, 19, 200, j,;
1, 19, 815, j,;
1, 20, 528, k,;
1, 21, 156, a,;
1, 21, 769, a,;
1, 22, 501, l,;
1, 22, 756, a,;
1, 23, 60, d,;
1, 23, 362, s,;
1, 24, 75, d,;
1, 24, 972, d,;
1, 25, 649, d,;
1, 26, 301, j,;
1, 26, 887, j,;
1, 27, 739, l,;
1, 28, 301, k,;
1, 29, 9, l,;
1, 29, 663, k,;
1, 30, 343, a,;
1, 30, 868, s,;
1, 31, 80, d,;
1, 31, 599, j,;
1, 31, 769, k,;
1, 32, 147, l,;
1, 32, 905, a,;
1, 33, 544, s,;
1, 34, 147, d,;
1, 34, 349, j,;
1, 34, 767, k,;
1, 35, 524, l,;
1, 36, 169, l,;
1, 36, 773, l,;
1, 37, 346, l,;
1, 38, 106, a,;
1, 38, 742, s,;
1, 39, 316, d,;
1, 39, 525, j,;
1, 39, 808, k,;
1, 40, 35, l,;
1, 40, 687, a,;
1, 40, 701, j,;
1, 40, 969, k,;
1, 40, 969, s,;
1, 41, 277, d,;
1, 41, 283, l,;
1, 41, 552, a,;
1, 41, 562, j,;
1, 41, 836, k,;
1, 41, 867, s,;
1, 42, 151, l,;
1, 42, 158, d,;
1, 42, 459, a,;
1, 42, 490, k,;
1, 43, 246, a,;
1, 43, 247, k,;
1, 43, 824, a,;
1, 43, 833, j,;
1, 44, 429, a,;
1, 44, 454, j,;
1, 45, 151, j,;
1, 45, 162, a,;
1, 46, 168, l,;
1, 46, 478, k,;
1, 46, 752, l,;
1, 47, 70, k,;
1, 47, 376, j,;
1, 47, 721, k,;
1, 48, 561, a,;
1, 48, 815, s,;
1, 49, 137, d,;
1, 49, 386, s,;
1, 49, 717, j,;
1, 50, 314, k,;
1, 50, 781, l,;
1, 51, 432, a,;
1, 51, 699, j,;
1, 52, 30, k,;
1, 52, 353, l,;
1, 52, 666, k,;
1, 52, 989, a,;
1, 52, 992, j,;
1, 54, 13, k,;
1, 54, 324, j,;
1, 54, 599, k,;
1, 54, 925, l,;
1, 55, 260, d,;
1, 55, 629, s,;
1, 56, 633, l,;
1, 56, 938, l,;
1, 57, 246, l,;
1, 57, 585, k,;
1, 57, 890, l,;
1, 58, 271, k,;
1, 58, 984, j,;
1, 59, 252, j,;
1, 59, 559, j,;
1, 59, 878, j,;
2, 0, 173, k,;
2, 0, 436, k,;
2, 0, 737, j,;
2, 1, 271, k,;
2, 1, 597, j,;
2, 2, 149, a,;
2, 2, 184, j,;
2, 2, 753, s,;
2, 2, 766, k,;
2, 3, 325, d,;
2, 3, 358, l,;
2, 4, 125, j,;
2, 4, 655, k,;
2, 4, 742, l,;
2, 4, 892, k,;
2, 5, 30, j,;
2, 5, 158, k,;
2, 5, 311, l,;
2, 5, 447, k,;
2, 5, 601, j,;
2, 5, 915, k,;
2, 6, 665, l,;
2, 7, 310, k,;
2, 7, 411, j,;
2, 7, 577, k,;
2, 7, 771, a,;
2, 7, 977, s,;
2, 8, 156, d,;
2, 8, 290, s,;
2, 8, 453, d,;
2, 8, 552, s,;
2, 8, 749, a,;
2, 8, 953, s,;
2, 9, 64, d,;
2, 9, 325, l,;
2, 9, 833, k,;
2, 10, 15, j,;
2, 10, 233, k,;
2, 10, 539, l,;
2, 11, 121, l,;
2, 11, 611, j,;
2, 11, 893, k,;
2, 12, 235, j,;
2, 12, 519, j,;
2, 12, 817, j,;
2, 13, 113, s,;
2, 13, 436, s,;
2, 13, 644, s,;
2, 13, 951, d,;
2, 14, 253, d,;
2, 14, 571, a,;
2, 14, 874, a,;
2, 15, 170, a,;
2, 15, 454, j,;
2, 15, 725, j,;
2, 16, 45, j,;
2, 16, 329, j,;
2, 16, 635, j,;
2, 16, 910, j,;
2, 17, 176, s,;
2, 17, 453, s,;
2, 17, 740, s,;
2, 18, 14, s,;
2, 18, 289, s,;
2, 18, 557, k,;
2, 18, 855, k,;
2, 19, 143, l,;
2, 19, 418, l,;
2, 19, 744, a,;
2, 19, 950, a,;
2, 20, 207, a,;
2, 20, 520, a,;
2, 20, 770, a,;
2, 21, 50, k,;
2, 21, 291, k,;
2, 21, 471, s,;
2, 21, 685, k,;
2, 21, 856, d,;
2, 22, 45, j,;
2, 22, 367, a,;
2, 22, 394, j,;
2, 22, 952, k,;
2, 22, 968, s,;
2, 23, 568, l,;
2, 23, 577, d,;
2, 24, 320, l,;
2, 24, 610, k,;
2, 25, 16, a,;
2, 25, 297, s,;
2, 25, 880, j,;
2, 25, 906, a,;
2, 26, 694, s,;
2, 26, 725, k,;
2, 27, 560, d,;
2, 27, 579, l,;
2, 28, 194, d,;
2, 28, 237, l,;
2, 28, 887, k,;
2, 29, 147, s,;
2, 29, 461, l,;
2, 29, 817, s,;
2, 30, 131, a,;
2, 30, 428, s,;
2, 30, 725, d,;
2, 31, 44, k,;
2, 31, 328, j,;
2, 31, 543, k,;
2, 31, 835, l,;
2, 32, 289, l,;
2, 32, 498, l,;
2, 32, 765, a,;
2, 33, 82, s,;
2, 33, 421, d,;
2, 34, 93, a,;
2, 34, 698, j,;
2, 35, 155, k,;
2, 35, 443, d,;
2, 35, 697, s,;
2, 36, 3, a,;
2, 36, 305, l,;
2, 37, 206, k,;
2, 38, 49, j,;
2, 38, 360, k,;
2, 38, 656, l,;
2, 38, 913, j,;
2, 39, 649, j,;
2, 40, 607, j,;
2, 41, 131, a,;
2, 41, 655, s,;
2, 43, 580, a,;
2, 43, 935, s,;
2, 44, 252, d,;
2, 44, 523, a,;
2, 44, 891, s,;
2, 45, 229, a,;
2, 46, 221, l,;
2, 46, 505, k,;
2, 46, 842, j,;
2, 47, 174, l,;
2, 47, 470, k,;
2, 47, 827, l,;
2, 48, 826, a,;
2, 49, 125, d,;
2, 49, 427, a,;
2, 49, 750, l,;
2, 50, 86, j,;
2, 50, 397, l,;
2, 51, 158, s,;
2, 51, 438, k,;
2, 51, 713, a,;
2, 52, 70, j,;
2, 52, 401, s,;
2, 52, 921, j,;
2, 53, 453, k,;
2, 54, 333, j,;
2, 55, 461, j,;
2, 56, 706, j,;
2, 58, 15, j,;
2, 59, 263, a,;
3, 0, 128, a,;
3, 1, 139, a,;
3, 2, 225, a,;
3, 2, 862, a,;
3, 3, 284, j,;
3, 3, 596, k,;
3, 3, 889, l,;
3, 4, 187, d,;
3, 4, 434, s,;
3, 4, 730, a,;
3, 4, 984, j,;
3, 5, 260, k,;
3, 5, 522, l,;
3, 5, 749, d,;
3, 5, 991, s,;
3, 6, 279, a,;
3, 6, 588, j,;
3, 6, 871, k,;
3, 7, 162, l,;
3, 7, 379, a,;
3, 7, 628, l,;
3, 7, 887, s,;
3, 8, 149, k,;
3, 8, 374, d,;
3, 8, 622, j,;
3, 8, 890, d,;
3, 9, 124, j,;
3, 9, 309, s,;
3, 9, 517, k,;
3, 9, 882, a,;
3, 10, 94, l,;
3, 10, 381, a,;
3, 10, 642, l,;
3, 10, 850, s,;
3, 11, 79, k,;
3, 11, 259, d,;
3, 11, 490, j,;
3, 11, 736, s,;
3, 11, 989, k,;
3, 12, 198, a,;
3, 12, 435, l,;
3, 12, 623, a,;
3, 12, 852, l,;
3, 13, 1, a,;
3, 13, 183, l,;
3, 13, 321, a,;
3, 13, 502, l,;
3, 13, 615, k,;
3, 13, 809, j,;
3, 13, 921, k,;
3, 14, 246, l,;
3, 14, 603, l,;
3, 15, 214, l,;
3, 15, 871, a,;
3, 16, 457, s,;
3, 17, 174, a,;
3, 17, 179, j,;
3, 17, 463, s,;
3, 17, 472, k,;
3, 17, 737, l,;
3, 17, 737, d,;
3, 18, 482, a,;
3, 18, 505, j,;
3, 18, 747, s,;
3, 18, 764, k,;
3, 19, 61, l,;
3, 19, 81, d,;
3, 19, 823, a,;
3, 19, 878, j,;
3, 20, 423, s,;
3, 20, 454, k,;
3, 21, 47, d,;
3, 21, 94, l,;
3, 21, 634, a,;
3, 21, 646, j,;
3, 22, 312, s,;
3, 22, 325, k,;
3, 22, 952, d,;
3, 22, 985, l,;
3, 23, 679, a,;
3, 23, 701, j,;
3, 24, 182, s,;
3, 24, 226, k,;
3, 24, 534, a,;
3, 24, 552, l,;
3, 24, 878, s,;
3, 24, 887, k,;
3, 25, 164, j,;
3, 25, 165, d,;
3, 25, 471, k,;
3, 25, 737, l,;
3, 26, 67, a,;
3, 26, 344, s,;
3, 26, 659, d,;
3, 26, 945, a,;
3, 27, 243, s,;
3, 27, 498, k,;
3, 27, 732, d,;
3, 27, 869, j,;
3, 27, 965, s,;
3, 28, 725, l,;
3, 29, 867, a,;
3, 29, 915, j,;
3, 30, 173, s,;
3, 30, 178, k,;
3, 30, 466, d,;
3, 30, 479, l,;
3, 30, 742, a,;
3, 30, 756, j,;
3, 31, 32, s,;
3, 31, 33, k,;
3, 31, 294, d,;
3, 31, 299, l,;
